16

-44	-58	5	-31	85	-9	53	-38	10	20	-89	-58	19	-13	18	-3	
15	-23	21	20	2	-30	-6	-42	17	-40	-5	25	31	-15	-32	-52	
6	26	-72	10	-24	-40	11	-47	12	96	-79	-64	-11	10	26	5	
-19	-69	37	23	-5	5	62	-59	-5	40	-42	-31	19	8	-3	-57	
25	-7	40	-23	31	-8	19	21	-36	-36	38	16	-24	58	-14	-63	
9	-13	23	-12	55	-4	-23	37	-24	-35	33	9	1	-23	-20	-14	
23	-19	-21	-23	-30	13	74	10	-19	52	-10	-37	46	5	-14	18	
-47	-2	14	-2	7	29	52	-36	-19	50	28	12	42	-49	22	6	
-15	16	-3	-29	-86	34	57	-35	-3	88	35	-7	11	-30	-24	28	
80	-28	-3	-48	11	13	32	30	1	7	16	0	3	40	-38	8	
-5	22	-17	-19	27	13	-36	27	-2	-3	1	-12	-25	-2	-7	70	
41	-47	15	6	-10	26	11	-19	27	52	-18	1	-19	-9	-76	13	
3	-24	-2	-3	-13	45	67	-72	2	23	-25	34	60	12	-66	-4	
30	5	-25	-21	-7	-10	-61	81	7	-26	27	-18	-14	-9	-13	35	
75	-12	-33	33	-67	-3	5	49	29	17	-17	2	4	6	-28	-1	
28	-16	24	46	10	48	-4	-26	-25	12	33	75	20	-28	-57	-46	
0.010980
